0.000852501 0.120411
0.000937751 0.148324
0.00103153 0.184148
0.00113468 0.229281
0.00124815 0.285416
0.00137296 0.354583
0.00151026 0.439016
0.00166128 0.541864
0.00182741 0.66628
0.00201015 0.816102
0.00221117 0.995747
0.00243228 1.2103
0.00267551 1.46563
0.00294306 1.76843
0.00323737 2.12639
0.00356111 2.54832
0.00391722 3.04429
0.00430894 3.62582
0.00473983 4.3061
0.00521382 5.1002
0.0057352 6.02539
0.00630872 7.10143
0.00693959 8.35095
0.00763355 9.79988
0.0083969 11.4779
0.00923659 13.419
0.0101603 15.6621
0.0111763 18.2519
0.0122939 21.2393
0.0135233 24.683
0.0148756 28.6497
0.0163632 33.2161
0.0179995 38.4697
0.0197995 44.5107
0.0217794 51.4535
0.0239573 59.4289
0.0263531 68.5862
0.0289884 79.0957
0.0318872 91.1521
0.0350759 104.977
0.0385835 120.823
0.0424419 138.978
0.0466861 159.77
0.0513547 183.571
0.0564902 210.806
0.0621392 241.957
0.0683531 277.571
0.0751884 318.269
0.0827073 364.756
0.090978 417.829
0.100076 478.392
0.110083 547.468
0.121092 626.215
0.133201 715.937
0.146521 818.108
0.161173 934.388
0.17729 1066.65
0.195019 1217
0.214521 1387.79
0.235973 1581.7
0.259571 1801.67
0.285528 2051.06
0.314081 2333.56
0.345489 2653.36
0.380038 3015.07
0.418041 3423.84
0.459845 3885.41
0.50583 4406.11
0.556413 4992.99
0.612054 5653.8
0.67326 6397.11
0.740586 7232.36
0.814644 8169.91
