0.000852501 0.00133066 0 0.00133066
0.000869551 0.00130177 9.24058e-05 0.00113245
0.000886942 0.00130412 0.000132673 0.0010625
0.00090468 0.00131252 0.000165663 0.00101265
0.000922774 0.00132434 0.000195854 0.000971947
0.00094123 0.00133913 0.000223176 0.000940033
0.000960054 0.00135594 0.000249432 0.000912624
0.000979255 0.00137446 0.000275531 0.000887726
0.00099884 0.00139448 0.000301455 0.000865177
0.00101882 0.00141601 0.000327207 0.000844971
0.00103919 0.00143888 0.000352777 0.000826971
0.00105998 0.00146311 0.000378183 0.000811187
0.00108118 0.00148841 0.000404343 0.000795638
0.0011028 0.00151494 0.000430352 0.000782183
0.00112486 0.00154265 0.000456219 0.000770766
0.00114735 0.00157126 0.000483802 0.000757687
0.0011703 0.00160103 0.000511279 0.000746619
0.00119371 0.00163176 0.000539571 0.000735659
0.00121758 0.00166364 0.000567798 0.000726663
0.00124193 0.00169645 0.000596874 0.000717735
0.00126677 0.00173029 0.000626842 0.000708927
0.00129211 0.00176507 0.000657702 0.000700177
0.00131795 0.00180093 0.000688572 0.000693282
0.00134431 0.00183769 0.000721302 0.00068467
0.00137119 0.00187551 0.000754087 0.000677878
0.00139862 0.0019143 0.000787856 0.00067111
0.00142659 0.00195408 0.000822645 0.000664379
0.00145512 0.00199487 0.000857548 0.000659387
0.00148422 0.00203728 0.000894683 0.000653065
0.00151391 0.00208096 0.000932992 0.000646918
0.00154419 0.00212519 0.000971338 0.000642205
0.00157507 0.00217033 0.0010108 0.000637407
0.00160657 0.00221641 0.00105142 0.000632542
0.0016387 0.0022635 0.00109324 0.000627638
0.00167148 0.00231159 0.00113629 0.000622678
0.00170491 0.00236071 0.00118061 0.00061768
0.00173901 0.00241085 0.00122529 0.000614309
0.00177379 0.00246207 0.00127224 0.000609214
0.00180926 0.00251432 0.00131963 0.000605731
0.00184545 0.00256766 0.00136843 0.000602197
0.00188236 0.00262208 0.00141866 0.000598599
0.00192 0.00267762 0.00147037 0.000594941
0.0019584 0.00273426 0.00152359 0.000591213
0.00199757 0.00279203 0.00157837 0.00058742
0.00203752 0.00285095 0.00163473 0.000583556
0.00207827 0.00291097 0.00169181 0.00058127
0.00211984 0.00297221 0.00175149 0.000577261
0.00216223 0.00303457 0.00181195 0.000574814
0.00220548 0.00309813 0.00187418 0.000572289
0.00224959 0.00316295 0.00193913 0.000568035
0.00229458 0.00322895 0.00200502 0.000565343
0.00234047 0.00329616 0.0020728 0.000562557
0.00238728 0.00336457 0.00214161 0.000561316
0.00243503 0.0034343 0.00221333 0.000558348
0.00248373 0.00350532 0.00228711 0.00055529
0.0025334 0.00357763 0.00236298 0.000552138
0.00258407 0.00365118 0.00244008 0.000550513
0.00263575 0.00372604 0.00251938 0.000548787
0.00268847 0.00380233 0.00260188 0.000545345
0.00274224 0.00387989 0.00268577 0.000543417
0.00279708 0.00395883 0.00277204 0.000541388
0.00285302 0.00403915 0.00286075 0.000539254
0.00291008 0.00412088 0.00295197 0.000537017
0.00296828 0.00420403 0.00304575 0.000534674
0.00302765 0.00428862 0.00314216 0.000532225
0.0030882 0.00437457 0.00324035 0.000531272
0.00314997 0.00446208 0.00334222 0.000528607
0.00321297 0.00455099 0.00344601 0.000527433
0.00327723 0.00464151 0.00355362 0.00052455
0.00334277 0.00473345 0.0036633 0.000523155
0.00340963 0.00482693 0.00377603 0.000521647
0.00347782 0.00492198 0.0038919 0.000520026
0.00354737 0.00501861 0.00401099 0.000518292
0.00361832 0.00511683 0.00413337 0.000516446
0.00369069 0.00521668 0.00425913 0.000514486
0.0037645 0.00531817 0.00438836 0.000512412
0.00383979 0.00542131 0.00452113 0.000510226
0.00391659 0.00552602 0.00465663 0.000509509
0.00399492 0.00563254 0.00479679 0.000507093
0.00407482 0.00574066 0.00493986 0.000506145
0.00415631 0.00585052 0.00508685 0.00050508
0.00423944 0.00596227 0.00523879 0.000502322
0.00432423 0.00607567 0.00539394 0.000501026
0.00441071 0.00619087 0.00555333 0.000499615
0.00449893 0.0063079 0.00571705 0.000498088
0.00458891 0.00642678 0.00588523 0.000496447
0.00468069 0.00654739 0.00605704 0.000496261
0.0047743 0.00667004 0.00623446 0.000494389
0.00486979 0.00679459 0.00641668 0.000492403
0.00496718 0.00692095 0.00660289 0.000491871
0.00506652 0.00704941 0.00679507 0.000489657
0.00516786 0.00717972 0.0069915 0.000488894
0.00527121 0.00731204 0.00719324 0.000488017
0.00537664 0.00744653 0.00740133 0.000485463
0.00548417 0.00758295 0.00761408 0.00048436
0.00559385 0.00772145 0.00783254 0.000483145
0.00570573 0.00786207 0.00805686 0.000481816
0.00581984 0.00800467 0.00828627 0.000481933
0.00593624 0.00814959 0.00852276 0.000480379
0.00605497 0.0082967 0.00876557 0.000478717
0.00617607 0.00844603 0.00901486 0.000476944
0.00629959 0.00859746 0.00926987 0.000476616
0.00642558 0.00875132 0.00953261 0.000474627
0.00655409 0.00890732 0.0098014 0.000474079
0.00668517 0.00906567 0.0100774 0.000473425
0.00681888 0.00922652 0.0103616 0.000471112
0.00695525 0.00938962 0.0106524 0.000470243
0.00709436 0.00955514 0.0109509 0.000469265
0.00723624 0.00972311 0.0112574 0.000468184
0.00738097 0.00989357 0.0115719 0.000467
0.00752859 0.0100666 0.0118948 0.000465709
0.00767916 0.0102419 0.0122253 0.000465859
0.00783274 0.01042 0.0125654 0.000464365
0.0079894 0.0106007 0.0129145 0.00046277
0.00814919 0.010784 0.0132718 0.000462615
0.00831217 0.01097 0.0136395 0.000460816
0.00847841 0.0111586 0.014016 0.00046046
0.00864798 0.0113502 0.0144032 0.000458467
0.00882094 0.0115443 0.0147997 0.000457914
0.00899736 0.0117413 0.0152066 0.000457267
0.00917731 0.0119411 0.0156242 0.00045652
0.00936085 0.012144 0.0160536 0.000454144
0.00954807 0.0123497 0.0164933 0.000453207
0.00973903 0.0125584 0.0169445 0.000452182
0.00993381 0.0127699 0.0174066 0.00045259
0.0101325 0.0129846 0.0178817 0.00045138
0.0103351 0.0132024 0.0183691 0.000450077
0.0105418 0.0134234 0.0188693 0.000448681
0.0107527 0.0136473 0.0193815 0.00044873
0.0109677 0.0138747 0.0199081 0.000447159
0.0111871 0.0141051 0.0204473 0.000447031
0.0114108 0.014339 0.0210016 0.000445287
0.011639 0.0145761 0.0215693 0.000444986
0.0118718 0.0148168 0.0221526 0.000443072
0.0121093 0.0150607 0.0227502 0.000442602
0.0123514 0.0153082 0.0233632 0.000442051
0.0125985 0.0155591 0.0239921 0.000441415
0.0128504 0.0158136 0.0246373 0.000440696
0.0131075 0.0160718 0.0252992 0.000439899
0.0133696 0.0163336 0.0259782 0.00043902
0.013637 0.0165992 0.0266747 0.000438067
0.0139097 0.0168685 0.0273892 0.000437035
0.0141879 0.0171417 0.0281221 0.000435921
0.0144717 0.0174187 0.0288739 0.000434733
0.0147611 0.0176997 0.029645 0.000433476
0.0150563 0.0179845 0.0304351 0.000433661
0.0153575 0.0182735 0.0312464 0.000432253
0.0156646 0.0185664 0.0320777 0.000432293
0.0159779 0.0188636 0.0329313 0.000430738
0.0162975 0.0191649 0.0338058 0.000430632
0.0166234 0.0194706 0.0347037 0.000428939
0.0169559 0.0197805 0.0356237 0.000428692
0.017295 0.0200949 0.0365682 0.000426864
0.0176409 0.0204135 0.037536 0.000426482
0.0179937 0.0207367 0.0385286 0.000426029
0.0183536 0.0210644 0.0395465 0.000425515
0.0187207 0.0213967 0.0405905 0.000424935
0.0190951 0.0217339 0.0416621 0.000422778
0.019477 0.0220757 0.0427601 0.000422069
0.0198665 0.0224223 0.0438861 0.000421294
0.0202639 0.0227737 0.0450409 0.000420464
0.0206691 0.0231299 0.0462242 0.000421074
0.0210825 0.0234914 0.0474386 0.000420118
0.0215042 0.0238578 0.0486838 0.000419101
0.0219343 0.0242295 0.0499608 0.000418027
0.0223729 0.0246064 0.0512703 0.000416898
0.0228204 0.0249883 0.0526121 0.000417214
0.0232768 0.0253758 0.053989 0.000415966
0.0237423 0.0257688 0.0554008 0.000414662
0.0242172 0.026167 0.0568475 0.000414808
0.0247015 0.0265711 0.0583319 0.000413394
0.0251956 0.0269806 0.0598529 0.00041343
0.0256995 0.027396 0.0614134 0.000411914
0.0262135 0.0278171 0.0630126 0.000411838
0.0267377 0.0282442 0.0646531 0.000410217
0.0272725 0.0286772 0.0663342 0.000410047
0.0278179 0.0291161 0.0680578 0.000409816
0.0283743 0.0295615 0.0698259 0.000408044
0.0289418 0.0300128 0.0716377 0.000407723
0.0295206 0.0304705 0.0734952 0.000407342
0.030111 0.0309345 0.0753996 0.000406919
0.0307133 0.0314052 0.077353 0.00040496
0.0313275 0.0318823 0.0793547 0.000404441
0.0319541 0.032366 0.0814068 0.000403875
0.0325931 0.0328565 0.0835106 0.000403264
0.033245 0.0333539 0.0856672 0.000402613
0.0339099 0.0338581 0.0878782 0.000401917
0.0345881 0.0343694 0.0901447 0.000401172
0.0352799 0.0348878 0.0924682 0.000400389
0.0359855 0.0354134 0.09485 0.000399562
0.0367052 0.0359464 0.0972916 0.000398694
0.0374393 0.0364865 0.0997934 0.00039927
0.0381881 0.0370343 0.102359 0.000398312
0.0389518 0.0375898 0.104989 0.000397319
0.0397309 0.038153 0.107685 0.000396286
0.0405255 0.038724 0.110448 0.000395206
0.041336 0.0393027 0.113279 0.000395586
0.0421627 0.0398896 0.116182 0.000394434
0.043006 0.0404847 0.119158 0.000393245
0.0438661 0.0410878 0.122207 0.000393502
0.0447434 0.0416995 0.125333 0.000392238
0.0456383 0.0423195 0.128536 0.000392419
0.046551 0.0429482 0.13182 0.000391081
0.0474821 0.0435857 0.135186 0.000389714
0.0484317 0.0442318 0.138635 0.000389795
0.0494003 0.044887 0.142171 0.000388353
0.0503883 0.045551 0.145793 0.000388354
0.0513961 0.0462242 0.149506 0.000388321
0.052424 0.0469069 0.153312 0.000386781
0.0534725 0.0475989 0.157212 0.000386691
0.054542 0.0483006 0.161209 0.000385081
0.0556328 0.0490117 0.165305 0.000384918
0.0567455 0.0497326 0.169503 0.00038473
0.0578804 0.0504635 0.173804 0.000384504
0.059038 0.0512047 0.178213 0.000382766
0.0602187 0.0519558 0.18273 0.000382472
0.0614231 0.0527173 0.187359 0.000382164
0.0626516 0.0534892 0.192103 0.000381808
0.0639046 0.0542719 0.196965 0.000379955
0.0651827 0.0550652 0.201946 0.000379552
0.0664864 0.0558693 0.20705 0.000379112
0.0678161 0.0566845 0.21228 0.000378656
0.0691724 0.0575109 0.21764 0.000378153
0.0705558 0.0583485 0.223131 0.000377641
0.071967 0.0591977 0.228758 0.000377087
0.0734063 0.0600584 0.234523 0.000376514
0.0748744 0.0609309 0.240431 0.000375904
0.0763719 0.0618154 0.246484 0.000375283
0.0778994 0.0627119 0.252685 0.000374614
0.0794573 0.0636207 0.259039 0.00037394
0.0810465 0.0645418 0.265549 0.00037324
0.0826674 0.0654755 0.27222 0.000372498
0.0843208 0.0664219 0.279053 0.000371742
0.0860072 0.0673812 0.286055 0.000370949
0.0877273 0.0683536 0.293228 0.000370149
0.0894819 0.0693391 0.300576 0.000369306
0.0912715 0.0703381 0.308105 0.000368458
0.0930969 0.0713506 0.315818 0.000367567
0.0949589 0.0723766 0.323719 0.00036815
0.0968581 0.0734168 0.331813 0.000367211
0.0987952 0.074471 0.340106 0.000366262
0.100771 0.0755396 0.348601 0.000365277
0.102787 0.0766225 0.357303 0.000364289
0.104842 0.0777199 0.366216 0.000364736
0.106939 0.0788323 0.375348 0.000363703
0.109078 0.0799598 0.384702 0.000362627
0.111259 0.0811022 0.394283 0.000363012
0.113485 0.0822602 0.404098 0.000361914
0.115754 0.0834339 0.414152 0.000360795
0.118069 0.084623 0.424448 0.000361109
0.120431 0.0858284 0.434996 0.000359924
0.122839 0.0870501 0.445801 0.000358743
0.125296 0.0882878 0.456866 0.000358993
0.127802 0.0895424 0.4682 0.000357771
0.130358 0.0908135 0.479808 0.00035798
0.132965 0.0921019 0.491698 0.000356723
0.135625 0.0934076 0.503876 0.000355416
0.138337 0.0947304 0.516347 0.000355591
0.141104 0.0960712 0.529121 0.000354243
0.143926 0.0974295 0.542202 0.00035435
0.146804 0.0988062 0.5556 0.000352996
0.149741 0.100201 0.569321 0.000353065
0.152735 0.101615 0.583372 0.000351672
0.15579 0.103047 0.597762 0.000351699
0.158906 0.104498 0.612499 0.000350272
0.162084 0.105969 0.627589 0.000350268
0.165326 0.107459 0.643044 0.000348795
0.168632 0.108968 0.658868 0.000348757
0.172005 0.110498 0.675073 0.000348696
0.175445 0.112048 0.691668 0.00034717
0.178954 0.113618 0.708659 0.00034708
0.182533 0.115209 0.726059 0.000345519
0.186184 0.116821 0.743875 0.000345429
0.189907 0.118454 0.762117 0.000345272
0.193705 0.120109 0.780796 0.000343665
0.19758 0.121785 0.799921 0.000343481
0.201531 0.123484 0.819502 0.000343273
0.205562 0.125204 0.839552 0.000341623
0.209673 0.126947 0.860079 0.000341377
0.213866 0.128713 0.881096 0.000341167
0.218144 0.130502 0.902612 0.000340894
0.222507 0.132314 0.924642 0.000339171
0.226957 0.13415 0.947195 0.00033886
0.231496 0.13601 0.970284 0.000338542
0.236126 0.137894 0.993922 0.000336765
0.240848 0.139802 1.01812 0.000336456
0.245665 0.141735 1.04289 0.000336078
0.250579 0.143693 1.06825 0.000335691
0.25559 0.145676 1.09421 0.000335328
0.260702 0.147686 1.12079 0.000333479
0.265916 0.14972 1.14799 0.00033304
0.271234 0.151781 1.17583 0.000332579
0.276659 0.153869 1.20434 0.000332162
0.282192 0.155983 1.23351 0.000331666
0.287836 0.158125 1.26337 0.000329739
0.293593 0.160294 1.29394 0.000329216
0.299465 0.16249 1.32522 0.000328731
0.305454 0.164715 1.35725 0.000328176
0.311563 0.166968 1.39002 0.000327667
0.317794 0.16925 1.42356 0.000327073
0.32415 0.171561 1.45789 0.000326533
0.330633 0.173901 1.49302 0.000325912
0.337246 0.17627 1.52898 0.000325336
0.343991 0.17867 1.56578 0.000323201
0.350871 0.181101 1.60344 0.0003226
0.357888 0.183561 1.64198 0.000321907
0.365046 0.186053 1.68142 0.000321276
0.372347 0.188576 1.72178 0.000320556
0.379794 0.191131 1.76308 0.000319895
0.387389 0.193718 1.80534 0.000319136
0.395137 0.196338 1.84858 0.000318445
0.40304 0.19899 1.89283 0.000317659
0.411101 0.201675 1.93811 0.000316937
0.419323 0.204394 1.98443 0.000316111
0.427709 0.207146 2.03183 0.000315359
0.436263 0.209933 2.08033 0.000314592
0.444989 0.212754 2.12995 0.000313723
0.453888 0.21561 2.18072 0.000312926
0.462966 0.218502 2.23266 0.000312016
0.472226 0.221429 2.2858 0.000311188
0.48167 0.224392 2.34017 0.000310249
0.491303 0.227392 2.39578 0.00030939
0.50113 0.230429 2.45268 0.000308417
0.511152 0.233502 2.51088 0.000307528
0.521375 0.236613 2.57043 0.000306622
0.531803 0.239762 2.63133 0.000307082
0.542439 0.24295 2.69364 0.000306038
0.553288 0.246176 2.75737 0.000305086
0.564353 0.249442 2.82256 0.000304118
0.57564 0.252747 2.88923 0.000303019
0.587153 0.256092 2.95744 0.00030202
0.598896 0.259477 3.02719 0.000301004
0.610874 0.262903 3.09854 0.000299852
0.623092 0.26637 3.17151 0.000298804
0.635553 0.269879 3.24614 0.000299111
0.648265 0.273429 3.32247 0.000298024
0.66123 0.277022 3.40052 0.000296795
0.674454 0.280658 3.48035 0.00029568
0.687943 0.284337 3.56199 0.00029455
0.701702 0.28806 3.64547 0.000293263
0.715736 0.291827 3.73084 0.000293601
0.730051 0.295638 3.81813 0.000292274
0.744652 0.299494 3.9074 0.000291074
0.759545 0.303396 3.99867 0.000289857
0.774736 0.307343 4.092 0.00028847
0.790231 0.311336 4.18743 0.000287217
0.806035 0.315376 4.28499 0.000287295
0.822156 0.319463 4.38475 0.000286006
0.838599 0.323598 4.48674 0.0002847
0.855371 0.327781 4.59101 0.000283377
0.872479 0.332012 4.69762 0.000283374
0.889928 0.336291 4.8066 0.000282014
0.907727 0.34062 4.91801 0.000280634
0.925881 0.344999 5.0319 0.000279054
0.944399 0.349428 5.14833 0.000279159
0.963287 0.353907 5.26735 0.00027753
0.982553 0.358438 5.389 0.000276072
1.0022 0.36302 5.51335 0.000274595
1.02225 0.367653 5.64046 0.000274417
1.04269 0.37234 5.77037 0.000272899
1.06355 0.377079 5.90316 0.000271362
1.08482 0.381871 6.03887 0.000271114
1.10651 0.386717 6.17758 0.000269535
1.12864 0.391618 6.31933 0.000267934
1.15122 0.396573 6.46421 0.000266315
1.17424 0.401583 6.61226 0.000265969
1.19773 0.406649 6.76355 0.00026431
1.22168 0.411771 6.91816 0.000262626
1.24611 0.416949 7.07615 0.000262202
1.27104 0.422184 7.23759 0.000260471
1.29646 0.427477 7.40256 0.000258716
1.32239 0.432828 7.57111 0.000258479
1.34883 0.438236 7.74333 0.000256411
1.37581 0.443704 7.9193 0.000254592
1.40333 0.449231 8.09908 0.000254286
1.43139 0.454818 8.28275 0.000252415
1.46002 0.460465 8.4704 0.000251777
1.48922 0.466173 8.66211 0.000249853
1.51901 0.471942 8.85795 0.000247907
1.54939 0.477772 9.05802 0.000247182
1.58037 0.483664 9.26239 0.00024518
1.61198 0.48962 9.47116 0.000243154
1.64422 0.495638 9.6844 0.000242658
1.67711 0.501719 9.90222 0.000240581
1.71065 0.507865 10.1247 0.000239699
1.74486 0.514075 10.3519 0.000237564
1.77976 0.52035 10.584 0.000235402
1.81535 0.52669 10.8211 0.000234775
1.85166 0.533096 11.0632 0.000232558
1.88869 0.539568 11.3104 0.000231508
1.92647 0.546107 11.5629 0.000229227
1.965 0.552713 11.8207 0.00022849
2.0043 0.559387 12.084 0.000226152
2.04438 0.566129 12.3528 0.000223789
2.08527 0.57294 12.6274 0.000222548
2.12698 0.579819 12.9077 0.000220112
2.16952 0.586769 13.1939 0.000219223
2.21291 0.593788 13.4861 0.000216728
2.25716 0.600878 13.7845 0.00021578
2.30231 0.608038 14.0891 0.000213216
2.34835 0.61527 14.4001 0.000211741
2.39532 0.622574 14.7176 0.000209101
2.44323 0.62995 15.0418 0.000208019
2.49209 0.637399 15.3727 0.000205309
2.54193 0.644921 15.7104 0.000204165
2.59277 0.652517 16.0552 0.000201384
2.64463 0.660187 16.4072 0.000200167
2.69752 0.667932 16.7664 0.000197316
2.75147 0.675751 17.1331 0.000195479
2.8065 0.683646 17.5073 0.000192537
2.86263 0.691617 17.8893 0.000191169
2.91988 0.699665 18.2791 0.000188148
2.97828 0.707789 18.677 0.000186699
3.03785 0.715991 19.083 0.000183599
3.0986 0.72427 19.4973 0.000182071
3.16057 0.732628 19.9202 0.000178883
3.22379 0.741065 20.3517 0.000177276
3.28826 0.749579 20.792 0.000174969
3.35403 0.758174 21.2412 0.000171634
3.42111 0.766849 21.6996 0.000169887
3.48953 0.775605 22.1674 0.000166459
3.55932 0.784441 22.6446 0.000164617
3.63051 0.793359 23.1315 0.000161097
3.70312 0.802359 23.6283 0.000159161
3.77718 0.81144 24.1351 0.000155537
3.85272 0.820605 24.6522 0.000153504
3.92978 0.829852 25.1796 0.000151422
4.00837 0.839184 25.7177 0.000147643
4.08854 0.848599 26.2666 0.000145455
4.17031 0.858098 26.8265 0.000141562
4.25372 0.867683 27.3976 0.00013927
4.33879 0.877353 27.9802 0.00013692
4.42557 0.887108 28.5744 0.000132856
4.51408 0.89695 29.1804 0.000130391
4.60436 0.906878 29.7986 0.000126205
4.69645 0.916894 30.429 0.000123621
4.79038 0.926997 31.072 0.000120976
4.88618 0.937187 31.7276 0.000116599
4.98391 0.947467 32.3964 0.000113824
5.08359 0.957835 33.0783 0.000110987
5.18526 0.968293 33.7737 0.000107444
5.28896 0.97884 34.4828 0.000104489
5.39474 0.989477 35.2059 9.97889e-05
5.50264 1.00021 35.9433 9.66919e-05
5.61269 1.01102 36.6951 9.35236e-05
5.72494 1.02193 37.4617 8.85989e-05
5.83944 1.03294 38.2433 8.52782e-05
5.95623 1.04403 39.0402 8.18837e-05
6.07535 1.05522 39.8526 7.67167e-05
6.19686 1.0665 40.681 7.31587e-05
6.3208 1.07787 41.5254 7.0782e-05
6.44722 1.08934 42.3863 6.53871e-05
6.57616 1.1009 43.264 6.1598e-05
6.70768 1.11256 44.1587 5.77208e-05
6.84184 1.12431 45.0707 5.20543e-05
6.97867 1.13616 46.0005 4.79905e-05
7.11825 1.14811 46.9481 4.52581e-05
7.26061 1.16015 47.9141 3.93293e-05
7.40582 1.17229 48.8988 3.50027e-05
7.55394 1.18453 49.9024 3.0574e-05
7.70502 1.19686 50.9253 2.43362e-05
7.85912 1.2093 51.9679 2.12667e-05
8.0163 1.22183 53.0305 1.65487e-05
8.17663 1.23446 54.1135 1.00125e-05
8.34016 1.24719 55.2172 5.06498e-06
8.50696 1.26003 56.342 1.7027e-06
